^[[15~Finshed MSE
Finished MAE
Finished HUBER


[[  0.00044228 156.77162735  21.8110601 ]
 [  0.00040452 155.05560144  23.07934028]
 [  0.00027852 149.46811712  24.70418618]
 [  0.00178562 228.40985091  23.47747632]
 [  0.00097703 173.82869601  22.68989051]
 [  0.00105433 170.53279659  22.08373233]
 [  0.00035164 163.34701482  25.63986966]
 [  0.0003088  146.42748023  22.1129275 ]
 [  0.0003498  165.16440672  24.5185426 ]
 [  0.00132033 174.86458591  22.4791382 ]
 [  0.00050581 162.27708642  23.5611037 ]
 [  0.00237254 212.23028106  22.35080698]
 [  0.00027852 149.46811712  24.70418618]
 [  0.00032438 148.54622273  22.2383224 ]
 [  0.00063872 176.26819658  21.63980701]
 [  0.00020977 129.20771764  20.02764987]
 [  0.00137962 182.86583932  22.28517555]
 [  0.00098211 172.58375149  22.15383364]
 [  0.00040034 140.11318927  19.94691162]
 [  0.00085797 185.83456433  22.47947661]
 [  0.00035164 163.34701482  25.63986966]
 [  0.00049781 164.60623542  24.13247193]
 [  0.00039939 132.27579433  19.53596331]
 [  0.00130614 178.26634269  20.17913064]
 [  0.00108378 168.85102125  21.51543158]
 [  0.00040882 151.78606604  22.53355071]
 [  0.00042223 161.84854519  22.9330248 ]
 [  0.00050773 158.96934576  21.46136294]
 [  0.00108378 168.85102125  21.51543158]
 [  0.00099137 180.64040423  23.14299494]
 [  0.00017343 123.8981692   21.25214511]
 [  0.00053442 163.01127781  23.67929134]
 [  0.00042223 161.84854519  22.9330248 ]
 [  0.00034605 141.60266635  20.9693968 ]
 [  0.00027117 140.96127755  20.47115042]
 [  0.00063872 176.26819658  21.63980701]
 [  0.00050665 155.71814077  22.48062492]
 [  0.00050773 158.96934576  21.46136294]
 [  0.00032315 149.05261158  23.68555936]
 [  0.00040452 155.05560144  23.07934028]
 [  0.00096274 155.20542557  18.68425796]
 [  0.00055862 158.08055526  21.78573096]
 [  0.0003453  151.46139609  21.5096795 ]
 [  0.00027117 140.96127755  20.47115042]
 [  0.00017343 123.8981692   21.25214511]
 [  0.00047448 148.30844987  21.56124346]
 [  0.00054126 174.03658158  22.74606718]
 [  0.00055862 158.08055526  21.78573096]
 [  0.00032315 149.05261158  23.68555936]
 [  0.00129846 169.12471602  21.59626418]
 [  0.00054178 155.67350927  21.8856071 ]
 [  0.00044057 160.36101623  23.35595695]
 [  0.00032275 150.74095674  22.94954528]
 [  0.0003498  165.16440672  24.5185426 ]
 [  0.00032642 147.84047127  20.37826857]
 [  0.00129846 169.12471602  21.59626418]
 [  0.00024664 148.04603789  24.27598099]
 [  0.0003856  143.7328459   21.79193305]
 [  0.0002213  131.5387886   22.51254147]
 [  0.00032957 131.50658225  19.05170473]
 [  0.00030899 151.54961923  24.1641624 ]
 [  0.00040882 151.78606604  22.53355071]
 [  0.00040034 140.11318927  19.94691162]
 [  0.00017606 127.07587775  21.17691529]
 [  0.00051459 139.79846862  20.66562908]
 [  0.00047086 160.55990633  21.65687376]
 [  0.00040882 151.78606604  22.53355071]
 [  0.0004384  158.76909257  22.36391772]
 [  0.00030817 143.89349511  22.82692702]
 [  0.00048521 132.56199954  21.08107113]
 [  0.00051459 139.79846862  20.66562908]
 [  0.00042223 161.84854519  22.9330248 ]
 [  0.0003088  146.42748023  22.1129275 ]
 [  0.00034638 169.97985435  24.30000055]
 [  0.00040034 140.11318927  19.94691162]
 [  0.00156845 198.73742738  23.98221297]
 [  0.00035341 152.82903292  21.7395954 ]
 [  0.00054126 174.03658158  22.74606718]
 [  0.00027117 140.96127755  20.47115042]
 [  0.0003856  143.7328459   21.79193305]
 [  0.00047086 160.55990633  21.65687376]
 [  0.00156845 198.73742738  23.98221297]
 [  0.00108378 168.85102125  21.51543158]
 [  0.00237254 212.23028106  22.35080698]
 [  0.00050665 155.71814077  22.48062492]
 [  0.00040452 155.05560144  23.07934028]
 [  0.00033352 146.38588695  22.2966259 ]
 [  0.00025612 140.72585387  22.3193318 ]
 [  0.00055862 158.08055526  21.78573096]
 [  0.00028793 144.64162555  21.66357155]
 [  0.00032275 150.74095674  22.94954528]
 [  0.0002213  131.5387886   22.51254147]
 [  0.00063128 156.27467425  20.22720469]
 [  0.00024818 139.66287697  22.79570465]
 [  0.00063872 176.26819658  21.63980701]
 [  0.00033352 146.38588695  22.2966259 ]
 [  0.00042223 161.84854519  22.9330248 ]
 [  0.0003856  143.7328459   21.79193305]
 [  0.00022045 134.52403775  21.74085221]
 [  0.00021162 126.20966866  20.46644668]]
[[  0.00058715 236.84550824  37.82107479]
 [  0.00149293 332.5684603   53.9153777 ]
 [  0.00058514 139.69209262  17.94666426]
 [  0.00031355 112.8090653   15.13239203]
 [  0.00007361  89.66676944  16.63977478]
 [  0.00046445 146.07841761  17.86417116]
 [  0.00027456 152.34404569  23.04068836]
 [  0.00069064 141.22356455  18.11266399]
 [  0.00036495 119.83276371  16.33782501]
 [  0.00075678 317.25506469  54.35480009]
 [  0.00157108 162.75553211  18.20116716]
 [  0.0002693  182.58370263  31.92047329]
 [  0.00059361 163.44510982  23.49568477]
 [  0.00092952 251.43785129  37.67025401]
 [  0.00056575 154.0275985   19.61472871]
 [  0.00134537 157.78149375  18.12567797]
 [  0.00166602 181.30227074  19.87885609]
 [  0.0004651  111.22555436  15.34659869]
 [  0.0007971  236.90467307  35.10481643]
 [  0.00032369 201.63587944  34.10807908]
 [  0.00022936 124.99459084  19.52996262]
 [  0.00025411 175.0356509   30.60475356]
 [  0.00040127 117.12792104  14.4132106 ]
 [  0.00078103 194.61603113  24.21553306]
 [  0.00055925 148.07452141  19.58334088]
 [  0.00119325 351.415795    56.54471906]
 [  0.00156136 163.95018352  18.60567945]
 [  0.00047731 184.32613669  27.80314484]
 [  0.00062022 134.94175436  16.98668253]
 [  0.00073295 233.59445894  38.10552388]
 [  0.00019143 109.54709852  16.18964255]
 [  0.00152873 263.20612906  34.35722347]
 [  0.00034862 183.46828964  28.39049007]
 [  0.00024329 127.13965465  20.01101437]
 [  0.00155534 168.976819    17.76981925]
 [  0.00044807 133.98994287  18.66271516]
 [  0.00051315 137.63946832  22.28001486]
 [  0.00077462 192.80799956  23.61870185]
 [  0.00113981 403.65106158  73.03816849]
 [  0.00162905 371.60246667  61.31827936]
 [  0.00058222 273.86747508  45.29362438]
 [  0.00024069 115.5140242   17.23211271]
 [  0.0006265  143.83627995  19.1658206 ]
 [  0.0010134  253.88387537  33.48238776]
 [  0.00168428 195.0188447   22.84049437]
 [  0.00020703 116.44507752  17.36933077]
 [  0.00063233 299.52775637  53.04916431]
 [  0.00155307 190.54075597  23.31944283]
 [  0.00049863 209.16315848  32.56811862]
 [  0.00225655 348.3882311   46.1599973 ]
 [  0.0010962  269.84926573  40.22030016]
 [  0.00061404 152.21089451  20.97678457]
 [  0.00042498 156.46472037  22.78455989]
 [  0.00078395 276.69820206  42.7552446 ]
 [  0.00044874 158.65396952  22.68197697]
 [  0.00037225 130.83410483  19.78455562]
 [  0.0006155  252.13235403  40.87275241]
 [  0.00045387 166.08132415  23.14925863]
 [  0.00074588 223.81574682  32.45818975]
 [  0.00056553 153.14670004  20.53728968]
 [  0.00187522 198.92565486  21.49746931]
 [  0.00055314 151.42408432  19.31528744]
 [  0.00045854 138.70941891  18.1814781 ]
 [  0.00218142 265.16071016  35.05410859]
 [  0.00073021 250.88636473  37.31833396]
 [  0.00007682  90.18602922  16.75102882]
 [  0.00014528 130.05529435  24.68725412]
 [  0.00047088 182.53026884  26.11974228]
 [  0.00020186 119.98320626  18.11941497]
 [  0.00137087 157.35347857  19.51509832]
 [  0.00084208 298.08900153  46.9821324 ]
 [  0.00149523 162.73381855  16.99105214]
 [  0.00054433 139.83133915  19.24336143]
 [  0.00203257 311.6969896   41.41899426]
 [  0.00227826 300.60792517  36.37565917]
 [  0.000552   236.7635891   38.75745278]
 [  0.00051653 168.94359436  22.80034938]
 [  0.00038152 127.75885695  17.29331196]
 [  0.00040465 132.18069825  17.29393221]
 [  0.00030716 126.64102805  18.04536745]
 [  0.00075646 186.30543166  22.65441639]
 [  0.00119344 294.84460829  44.47194222]
 [  0.00010702 112.97336884  21.23368962]
 [  0.00200438 202.4628999   22.53297918]
 [  0.00046645 149.56119916  20.70103815]
 [  0.00106763 179.57767164  19.45975311]
 [  0.00023154 112.83937812  16.94684352]
 [  0.00108329 343.13158936  59.17315707]
 [  0.00082753 146.51900585  16.19790709]
 [  0.00046282 166.66623876  23.73108657]
 [  0.00056606 235.42267001  41.12630262]
 [  0.00023188 115.25927608  17.59872903]
 [  0.00032036 109.83545268  14.08892261]
 [  0.00215306 241.70559076  24.21691773]
 [  0.00154666 352.77716358  57.60928269]
 [  0.00012747 106.81558847  16.70909069]
 [  0.00024307 142.76041075  22.35514929]
 [  0.00050515 133.49345882  19.93045005]
 [  0.00106873 217.87510395  27.74101368]
 [  0.00042219 172.29472813  26.12822942]]
[[  0.0003208  144.22233017  21.51951197]
 [  0.0003856  143.7328459   21.79193305]
 [  0.00098211 172.58375149  22.15383364]
 [  0.00019699 133.01817083  22.2954854 ]
 [  0.00048521 132.56199954  21.08107113]
 [  0.00030091 130.19543506  18.30568853]
 [  0.00027852 149.46811712  24.70418618]
 [  0.00034605 141.60266635  20.9693968 ]
 [  0.00063872 176.26819658  21.63980701]
 [  0.00013523 114.16412599  18.71276104]
 [  0.00098211 172.58375149  22.15383364]
 [  0.00022045 134.52403775  21.74085221]
 [  0.00097703 173.82869601  22.68989051]
 [  0.00039939 132.27579433  19.53596331]
 [  0.00039939 132.27579433  19.53596331]
 [  0.00012152 118.05295866  21.77404563]
 [  0.0003453  151.46139609  21.5096795 ]
 [  0.00032957 131.50658225  19.05170473]
 [  0.00053442 163.01127781  23.67929134]
 [  0.00156845 198.73742738  23.98221297]
 [  0.00027117 140.96127755  20.47115042]
 [  0.00027852 149.46811712  24.70418618]
 [  0.0003856  143.7328459   21.79193305]
 [  0.00017343 123.8981692   21.25214511]
 [  0.00032315 149.05261158  23.68555936]
 [  0.00022174 135.57655702  23.44639215]
 [  0.00035164 163.34701482  25.63986966]
 [  0.00047448 148.30844987  21.56124346]
 [  0.0003088  146.42748023  22.1129275 ]
 [  0.00032438 148.54622273  22.2383224 ]
 [  0.00032438 148.54622273  22.2383224 ]
 [  0.00034605 141.60266635  20.9693968 ]
 [  0.00054178 155.67350927  21.8856071 ]
 [  0.00040521 155.48331074  21.66874679]
 [  0.00034605 141.60266635  20.9693968 ]
 [  0.00040882 151.78606604  22.53355071]
 [  0.00032315 149.05261158  23.68555936]
 [  0.00027852 149.46811712  24.70418618]
 [  0.0003453  151.46139609  21.5096795 ]
 [  0.0003856  143.7328459   21.79193305]
 [  0.00178562 228.40985091  23.47747632]
 [  0.00063128 156.27467425  20.22720469]
 [  0.00097703 173.82869601  22.68989051]
 [  0.00050665 155.71814077  22.48062492]
 [  0.0004354  146.97176888  21.91562523]
 [  0.00053442 163.01127781  23.67929134]
 [  0.0002723  140.1714307   21.48889641]
 [  0.00072131 169.30285304  22.17051658]
 [  0.00027117 140.96127755  20.47115042]
 [  0.00044057 160.36101623  23.35595695]
 [  0.00050588 151.72628594  22.0873202 ]
 [  0.00053433 151.30583178  19.55193257]
 [  0.00035341 152.82903292  21.7395954 ]
 [  0.00044228 156.77162735  21.8110601 ]
 [  0.00023265 139.31464258  21.1320424 ]
 [  0.0013869  173.03948269  20.16647666]
 [  0.0005651  163.39726412  21.70407395]
 [  0.00105433 170.53279659  22.08373233]
 [  0.00072131 169.30285304  22.17051658]
 [  0.00034365 136.86490627  21.29044505]
 [  0.00034605 141.60266635  20.9693968 ]
 [  0.00042223 161.84854519  22.9330248 ]
 [  0.00037664 160.6797402   23.8059708 ]
 [  0.0004354  146.97176888  21.91562523]
 [  0.00137962 182.86583932  22.28517555]
 [  0.00044228 156.77162735  21.8110601 ]
 [  0.00063128 156.27467425  20.22720469]
 [  0.00050773 158.96934576  21.46136294]
 [  0.00035164 163.34701482  25.63986966]
 [  0.0003088  146.42748023  22.1129275 ]
 [  0.00032315 149.05261158  23.68555936]
 [  0.00157189 175.73056175  19.70189453]
 [  0.00063128 156.27467425  20.22720469]
 [  0.00012152 118.05295866  21.77404563]
 [  0.00049781 164.60623542  24.13247193]
 [  0.0005651  163.39726412  21.70407395]
 [  0.00036535 152.940448    21.97692236]
 [  0.00040452 155.05560144  23.07934028]
 [  0.00037636 143.50486107  21.24450515]
 [  0.00133268 180.69319866  22.92393793]
 [  0.00040452 155.05560144  23.07934028]
 [  0.00130614 178.26634269  20.17913064]
 [  0.00025612 140.72585387  22.3193318 ]
 [  0.0015772  174.41801038  19.96798187]
 [  0.00021162 126.20966866  20.46644668]
 [  0.0005651  163.39726412  21.70407395]
 [  0.00032275 150.74095674  22.94954528]
 [  0.0012276  193.19274806  22.96689861]
 [  0.00130692 166.50944144  20.09163039]
 [  0.00042223 161.84854519  22.9330248 ]
 [  0.00063872 176.26819658  21.63980701]
 [  0.00030817 143.89349511  22.82692702]
 [  0.00022174 135.57655702  23.44639215]
 [  0.00032315 149.05261158  23.68555936]
 [  0.0013869  173.03948269  20.16647666]
 [  0.00024664 148.04603789  24.27598099]
 [  0.00041114 137.89155595  21.06858649]
 [  0.0005651  163.39726412  21.70407395]
 [  0.00035341 152.82903292  21.7395954 ]
 [  0.00105433 170.53279659  22.08373233]]

----------MSE
Mean: [  0.00056885 156.65563096  22.17741745]
Std : [ 0.00042978 18.76766956  1.35052741]
Min : [  0.00017343 123.8981692   18.68425796]
Max : [  0.00237254 228.40985091  25.63986966]
----------MAE
Mean: [  0.00077532 190.11176338  27.49729524]
Std : [ 0.00055889 72.05817785 12.61556908]
Min : [ 0.00007361 89.66676944 14.08892261]
Max : [  0.00227826 403.65106158  73.03816849]
----------HUBER
Mean: [  0.00053982 153.79857803  21.96287158]
Std : [ 0.00037417 17.58688833  1.42757939]
Min : [  0.00012152 114.16412599  18.30568853]
Max : [  0.00178562 228.40985091  25.63986966]
